ELASTIC 0.0,,ROTATION 0.0023,,ROTATION 0.0048,,ROTATION 0.0045,,VIBRATION 0.2,,VIBRATION 0.459,,EXCITATION 4.99,,EXCITATION 6.3,,EXCITATION 9.0,,EXCITATION 12.0,,ATTACHMENT 6.54,,IONIZATION 12.9,
X,Y,X,Y,X,Y,X,Y,X,Y,X,Y,X,Y,X,Y,X,Y,X,Y,X,Y,X,Y
0.0010921558160792058,37087.66365109932,0.0024312329167281883,72.85191032612443,0.009762144876947033,61.73439577957254,0.01051018344383432,61.07757891704485,0.20110311266732628,0.1068960396769475,0.4590152833938207,0.10107740623774594,4.998945174373423,0.10063692148829159,6.328527125133014,0.10055581138103883,9.081013919230235,0.10005119252535019,12.104823231066035,0.0995741921922916,5.583073395267307,0.09945968335757727,12.934965607109254,0.09955161433173497
0.0012068518059552835,30603.65094621603,0.0025860618873619276,111.37384513768902,0.012395488865950564,56.79591665915352,0.013620817822129257,54.544759774425316,0.21442140003196475,0.506809899607654,0.4726472839712939,0.8731491270875057,5.486984996284664,3.83486134584196,8.013457383031017,0.9876231142351717,11.00470459870903,1.0765669224948982,12.980184068947175,2.625712024360239,5.810335419918081,0.24921841454480922,13.452335519368747,0.2032127881656749
0.0014879632051556994,25076.91887781067,0.003075473626881102,140.54550410942858,0.016065172719755026,50.41870698079292,0.01765515256750325,47.955456204846996,0.23588045723161474,4.103485218186876,0.48227125569828955,4.466956780063717,5.950344581443266,3.8337986110613635,9.016377108765864,0.9872250378492917,13.037545432988667,1.0759432081120393,15.955194005848142,2.6238602218803457,5.997835609509027,0.49539638219618387,13.781351237079486,0.37727489150387566
0.001909256467153206,19082.88898054437,0.003976218426537955,155.5276917192428,0.020828477927985,43.38410804776878,0.022892716125358738,40.80776839774845,0.24120248541533038,4.360129633816079,0.4898335578488111,5.716839526913243,6.566084061554273,0.10054314383331658,10.758637096023051,0.1003735525762927,19.688809454719543,0.10016638236992942,24.560473754321897,0.09971144184317023,6.090810893562912,0.6011947019447782,14.224643294762624,0.7275132817376346
0.0024494596065487142,14721.771659024158,0.0051481539824148066,151.2593919944174,0.027008439758820064,36.79469834538618,0.02968478539761591,34.648212517977385,0.24845656073115935,4.562891566511352,0.493575108333903,6.144273581674371,,,,,,,,,6.1377989543693605,0.6610311826118039,15.217022850519827,1.0158484059435606
0.003105831399911993,11369.973332067524,0.0066716045707756536,135.47659138619508,0.03502377412065188,31.067489510944384,0.0384958110900205,29.15758181931135,0.26354938591892196,4.57932340686835,0.49730764544858075,6.454949211830635,,,,,,,,,6.276124263047209,0.6970614344048205,16.395540788876442,1.329774103986539
0.003984577484950885,8774.460520109886,0.014887248541122217,84.86590766067299,0.045423448586610314,25.94137092556934,0.0499307665162683,24.157631977549908,0.2836924044309563,4.5091745700998285,0.5122381744758967,6.653324978134703,,,,,,,,,6.416515986656421,0.6996598250566095,17.925389547374774,1.6757832900663105
0.00511186242412427,6782.00621586699,0.019307460419682593,70.95779667720716,0.05892131907341007,21.326121351013807,0.0647656125001496,19.92615749135519,0.4443970481638106,3.598783019000616,0.5353707090490603,6.552065661933394,,,,,,,,,6.559800225209424,0.6943152260482799,19.740968076051445,2.04860023771847
0.006558113101815928,5238.876026533081,0.02504386748190051,58.528759488660384,0.07642071659956562,17.728213738980283,0.08400281977904886,16.52760144348876,0.507299516345595,3.30892617156396,0.5432384070007621,6.259964033901469,,,,,,,,,6.6566209997436605,0.6760733784277793,22.554530070712353,2.4383772605023815
0.009819860134486238,3346.4396531666007,0.03248380527145039,48.384398585294385,0.09912594705828512,14.622922450826852,0.10896210376528247,13.617444506571506,0.623217262367988,2.78733224654081,0.571869970242683,5.845456895378749,,,,,,,,,6.703834375066355,0.6171828610063748,25.199873413425003,2.7108196957364465
0.012597970040833977,2587.4131525893004,0.042141267856839124,39.3798052799735,0.12858822233028902,11.9679418186238,0.14135138399039543,11.120237850175101,0.7599811123649871,2.3302575521915316,0.6244669008110955,5.097222559605715,,,,,,,,,6.851031096284116,0.5486192288883013,33.365739254209004,3.2743137894999905
0.01597357985294992,2000.7688015550123,0.05467125449100668,31.97974168857208,0.1668279249848075,9.686583158869551,0.18339341367402456,8.970465356337732,0.9974888555024852,1.8609091186885673,0.7021261734748069,4.119369639306556,,,,,,,,,6.950048622488633,0.4876847060758973,28.99749606299421,3.0019806207733177
0.02049510581013346,1530.1789492600537,0.07091804719797484,26.260953398510892,0.2164768708136081,7.718873837966131,0.22967074674074905,7.361195914925686,1.7840268719189922,1.440114852127218,0.8371774887053232,3.085078314619861,,,,,,,,,7.103009428072571,0.4401403084371312,42.25554367437702,3.652436824025597
0.02660805568084302,1164.9453112125475,0.09199862865096309,21.445143236888462,0.2808182601996021,6.31741249457645,0.6744542217422294,2.970187297468243,4.100383493861317,1.1968026078356575,0.9141066026550886,2.6295962304077216,,,,,,,,,7.204851813676473,0.37811235304563406,54.705452162986724,3.967083406470942
0.0345417143948828,892.8311678435955,0.11934842211493746,17.473527329174612,0.36434631806049933,5.090456338932038,0.8751431889918111,2.374747356708347,2.714407294326108,1.278390068796829,1.0355320102914378,2.215700729766169,,,,,,,,,7.417982952908452,0.34253948496949027,71.87610236796259,4.325006599259703
0.04431677646339817,686.1857347303827,0.17845215777132448,12.695226873792464,0.47277202157545306,4.06091092323699,1.1354222886541154,1.9177929811627978,4.857886834812428,1.200658647327964,1.0982292262057696,2.1005915856361748,,,,,,,,,7.525668638107058,0.3103289558727235,88.35985594900764,4.472174749786158
0.05620210300323049,521.588753752437,0.23155195030294284,10.150186988897692,0.6134716825627248,3.2359871968871845,1.4733304638432192,1.5282171046431365,5.755693613818349,1.2276091824337068,1.1647958714474975,2.029624474415972,,,,,,,,,7.579523333704494,0.288725984800295,98.69467782641189,4.556151668267012
0.0704379169640812,399.5604962454536,0.300451988693813,8.115356813533717,0.7960640593063223,2.5729023046217656,1.9117311138417443,1.221852080783322,6.86987286552229,1.255133036080193,1.2537261774018464,1.9535258645775413,,,,,,,,,7.578091129812268,0.2727440118917518,,
0.08623541829677887,305.36388258267556,0.3898585775664302,6.481235184665589,1.0328239852659444,2.0778184959686268,2.4805812011089348,0.9769047230126102,8.139010656007827,1.2591770133606035,1.3694498708283125,1.8659643190911686,,,,,,,,,7.689941586760594,0.2655781677367118,,
0.10556593868695345,235.36698690621165,0.5058639531471328,5.18192779832743,1.3401817425933653,1.6575794516200681,3.2190154267497646,0.7741381414119843,9.570477143740883,1.2115991170102351,1.5294126877325085,1.8232529910354178,,,,,,,,,7.861959237873098,0.26656814622971986,,
0.13075919315948875,180.7683816198199,0.6564931513784962,4.0835750199331144,1.7389844884015881,1.3238065201646632,4.177374491305692,0.6120936746794516,10.225269433506583,1.1573799265334144,1.6830470215384599,1.7748583994878646,,,,,,,,,7.920515201456582,0.27064010185964793,,
0.1619427710802701,140.54550410942858,0.8519640998987592,3.2216112598059086,2.2565162305822666,1.0548916318001758,5.420450981945078,0.48884148310372166,11.929960492656335,0.9714165474439708,1.9358285480017852,1.7209415464373077,,,,,,,,,8.099016927934466,0.2853916465247008,,
0.20058729412564147,108.08980177836781,2.719115586231666,1.169945001074387,2.9279235311534784,0.8443545319862835,6.951975378699768,0.38767937777808803,13.716050973331418,0.8309989652542433,2.178051194595535,1.7072362180904004,,,,,,,,,8.160777742584322,0.30556745046111894,,
0.24846861142272708,82.6778397837284,3.528689076331224,0.9240201824193947,3.7997602596584468,0.6653865528383889,9.526822893389928,0.29217088599707325,15.425483494765112,0.7218104019780425,2.379453300082467,1.7067200966111642,,,,,,,,,8.222802338109483,0.32469492794651944,,
0.30773759959986113,64.01932439623788,4.579186947660004,0.7314157336532643,4.919222363717305,0.5284538983501367,13.781757240897415,0.21618463661268125,35.62251527577105,0.27233656397296024,2.798473699392348,1.7384616331480833,,,,,,,,,8.346481564194642,0.3437037463682844,,
0.38571862196507006,48.676101541282165,5.9418322294574795,0.584136655540024,6.398160517401979,0.4213394702771602,17.712570860737873,0.17556025954824211,73.68600763370299,0.11695237499102781,3.1257518206182313,1.7643949586524343,,,,,,,,,8.47180758654121,0.36107349337646333,,
0.4834835015929691,36.849347336487035,7.710632331339117,0.4628931094281643,8.151297219194847,0.33915097355712526,22.844928434197325,0.14247287267169068,82.26721427230518,0.10392855775173894,3.4658429787799685,1.81816079096788,,,,,,,,,8.725494723293803,0.36378874307440434,,
0.5988846846156897,28.22442097933828,10.005608160857186,0.3680418603593064,10.522516928371996,0.2694889768041453,0.2943808214009102,6.117062578688205,1.3096014498494672,1.6216858567213244,3.9875428712921,1.9237783028688344,,,,,,,,,8.854392078791054,0.3555781876221412,,
0.7506233865269221,21.5096910210255,12.98477970837155,0.29035533708227884,15.007286553663599,0.20199308845023078,0.4226801556968852,4.439476756724279,0.35116484698874,4.036148390700056,4.690337814063155,2.035377308219172,,,,,,,,,9.05051895635358,0.3345976812559571,,
0.9519591480513077,16.31012135701248,16.067265227703437,0.24434332631900182,19.472336782926167,0.16185902357500204,0.5333877684819885,3.5852905956517414,10.002551233780157,1.1886383621893613,5.317062087857661,2.1132262626676166,,,,,,,,,9.115745046460601,0.31606858874822136,,
1.2069040102749211,12.736273309743076,37.7351937472703,0.12056090420464873,25.259729315408887,0.1325599274089053,30.000830810960817,0.11127656534768028,10.923622615912455,1.0684508654141665,6.208101205583604,2.218959770768858,,,,,,,,,9.181325543760714,0.2974342918450847,,
1.5482463641956152,9.904644949576529,26.296747517605418,0.1574765085086313,30.751004557829212,0.10704619820803238,0.008396613261885028,65.92126338392703,0.8674547695811117,2.07060353332524,6.732781008098378,2.2608544662183125,,,,,,,,,9.316604531826403,0.2874291192731239,,
2.0086655186863607,8.01659704042435,1.6149988199353942,1.7901945556627312,34.38176863288631,0.09754007202884513,0.006842507177917105,65.92126338392703,0.5581608994692021,3.0543719007961756,7.301528337819094,2.2774542230898587,,,,,,,,,9.523089498681864,0.27149840899349553,,
2.6041681148931355,6.91346635153952,1.184188896962788,2.4016540051433988,0.0065108476832301575,57.679419604213535,0.005874018264902905,60.84469771636259,,,7.687616809448036,2.2342383808964166,,,,,,,,,9.733782920394857,0.253546537640883,,
3.3740468093954403,6.31741249457645,0.011657759913955266,98.41004789104174,0.00532470359040653,41.86101407011693,0.00531049915610033,53.237554472132416,,,8.154097690787669,2.2001238390684295,,,,,,,,,9.803686195277187,0.23769424950403972,,
4.3688788023841605,6.09635085861294,0.008779920638748514,118.644043565668,0.0048809256397264,0.10548770797949865,0.005053096800377288,46.581498676935304,,,8.521905034176504,2.133987110123356,,,,,,,,,9.94738318536117,0.22452574318652632,,
5.653608067906629,6.212809100933249,0.0023858815488285684,0.1,0.004976889276375261,18.288621609464514,0.004812453977935923,37.618894813407884,,,9.038099157703108,2.0385423217743552,,,,,,,,,10.205643053246515,0.21369512539826704,,
7.312873030159389,6.590357995989977,,,0.005080164830166389,28.80028276493977,0.004703439596657217,29.579966636345745,,,9.798870488315353,1.888970457672277,,,,,,,,,10.865016940207648,0.21122993855289973,,
9.456772522983519,7.1482264920231735,,,,,0.004521658480884902,0.10270720908461055,,,10.623009666285633,1.717461659180688,,,,,,,,,11.109317965926273,0.21938642054456298,,
12.238726859165348,7.22823818700179,,,,,,,,,11.265053907044644,1.5795300513687631,,,,,,,,,11.359541450783562,0.23046773910609708,,
15.869654134206524,6.144037517335167,,,,,,,,,13.533760373664833,1.2522268926492512,,,,,,,,,11.615547241996367,0.2430296437311566,,
20.3580610131849,4.776451545491093,,,,,,,,,89.88796536200104,0.10873969358059704,,,,,,,,,11.70220739982453,0.24768052322449888,,
25.818947858030217,3.6174008840830187,,,,,,,,,34.87823865669682,0.3676096097502568,,,,,,,,,12.05293211337894,0.2514449539740404,,
32.35880524291662,2.7710921333418423,,,,,,,,,,,,,,,,,,,12.228981027413134,0.2339351883377921,,
40.084246204010405,2.113847655706114,,,,,,,,,,,,,,,,,,,12.499383425150867,0.21763925897789607,,
49.07592371026627,1.6102954404152003,,,,,,,,,,,,,,,,,,,12.964658149709381,0.19866139906220961,,
59.384327076117074,1.226280244088045,,,,,,,,,,,,,,,,,,,13.445896939813613,0.17591386167624046,,
,,,,,,,,,,,,,,,,,,,,13.84364826168515,0.1593638586314613,,
,,,,,,,,,,,,,,,,,,,,14.462627304336584,0.13793459620898207,,
,,,,,,,,,,,,,,,,,,,,15.109662928308746,0.1202967788860206,,
,,,,,,,,,,,,,,,,,,,,16.017426742969228,0.09985726721595986,,
